0 0.134766 0.325625 0.044531 0.071250
0 0.106641 0.380000 0.044531 0.070000
0 0.071484 0.411250 0.042969 0.067500
0 0.110547 0.461875 0.042969 0.071250
0 0.069531 0.485000 0.040625 0.070000
0 0.123438 0.748750 0.045312 0.070000
0 0.153125 0.825000 0.043750 0.070000
0 0.158594 0.637500 0.045312 0.070000
0 0.244141 0.771250 0.047656 0.065000
0 0.294141 0.796875 0.041406 0.068750
0 0.286328 0.697500 0.046094 0.070000
0 0.181641 0.545625 0.039844 0.071250
0 0.222656 0.548750 0.042188 0.075000
0 0.275000 0.583125 0.045312 0.068750
0 0.187500 0.415625 0.046875 0.071250
0 0.202344 0.341250 0.043750 0.070000
0 0.292187 0.483125 0.043750 0.071250
0 0.283984 0.287500 0.044531 0.067500
0 0.273047 0.220625 0.044531 0.066250
0 0.310156 0.197500 0.040625 0.072500
0 0.352344 0.195625 0.042188 0.066250
0 0.393359 0.230000 0.042969 0.067500
0 0.351172 0.363750 0.041406 0.070000
0 0.338281 0.546250 0.045312 0.070000
0 0.382422 0.465625 0.044531 0.071250
0 0.393359 0.552500 0.041406 0.067500
0 0.404687 0.674375 0.043750 0.068750
0 0.487891 0.810625 0.046094 0.071250
0 0.472266 0.669375 0.046094 0.071250
0 0.460547 0.555000 0.046094 0.075000
0 0.500391 0.524375 0.044531 0.076250
0 0.502734 0.236250 0.049219 0.072500
0 0.411719 0.362500 0.051562 0.062500
0 0.441797 0.320625 0.044531 0.073750
0 0.475781 0.353750 0.050000 0.072500
0 0.432812 0.415625 0.043750 0.073750
0 0.475781 0.433750 0.046875 0.075000
0 0.587891 0.749375 0.046094 0.076250
0 0.578125 0.677500 0.050000 0.075000
0 0.557813 0.561250 0.048438 0.077500
0 0.559375 0.395000 0.048438 0.077500
0 0.622656 0.620625 0.045312 0.076250
0 0.628516 0.508125 0.047656 0.076250
0 0.625781 0.400625 0.050000 0.073750
0 0.611719 0.138125 0.043750 0.066250
0 0.608984 0.289375 0.046094 0.073750
0 0.694141 0.389375 0.046094 0.071250
0 0.645312 0.319375 0.043750 0.071250
0 0.691406 0.305625 0.043750 0.071250
0 0.655859 0.246875 0.046094 0.071250
0 0.622656 0.206250 0.048438 0.067500
0 0.658984 0.162500 0.044531 0.070000
0 0.721094 0.125000 0.045312 0.065000
0 0.677734 0.530000 0.049219 0.072500
0 0.677344 0.632500 0.048438 0.077500
0 0.650000 0.779375 0.050000 0.076250
0 0.732031 0.784375 0.045312 0.073750
0 0.739453 0.657500 0.050781 0.077500
0 0.717187 0.576250 0.046875 0.077500
0 0.762109 0.596875 0.046094 0.078750
0 0.816016 0.652500 0.047656 0.080000
0 0.892188 0.750625 0.043750 0.073750
0 0.771484 0.495625 0.049219 0.076250
0 0.738281 0.449375 0.053125 0.073750
0 0.748047 0.385000 0.046094 0.077500
0 0.743359 0.304375 0.049219 0.076250
0 0.755078 0.183750 0.044531 0.080000
0 0.834375 0.290000 0.046875 0.082500
0 0.864453 0.428125 0.049219 0.076250
0 0.853516 0.542500 0.049219 0.070000
0 0.909766 0.606875 0.046094 0.076250
0 0.920312 0.500625 0.046875 0.078750
0 0.916016 0.342500 0.049219 0.075000
